kernel line : count latency dram_traffic smem_bk_conflicts smem_warp gmem_access_generated gmem_warp exposed_latency warp_divergence
mmul7.1.sm_80.ptx 153 : 16384 126496 0 0 0 0 0 0 0 
mmul7.1.sm_80.ptx 152 : 16384 170656 0 0 0 2048 512 0 0 
mmul7.1.sm_80.ptx 151 : 16384 193152 0 0 0 0 0 0 0 
mmul7.1.sm_80.ptx 150 : 16384 190464 0 0 0 0 0 0 0 
mmul7.1.sm_80.ptx 149 : 16384 178176 0 0 0 0 0 0 0 
mmul7.1.sm_80.ptx 147 : 65536 312512 0 0 0 0 0 0 0 
mmul7.1.sm_80.ptx 146 : 65536 481920 0 0 0 0 0 0 0 
mmul7.1.sm_80.ptx 145 : 65536 997088 0 0 0 0 0 0 0 
mmul7.1.sm_80.ptx 144 : 65536 466496 0 0 0 0 0 0 0 
mmul7.1.sm_80.ptx 117 : 65536 494080 0 0 0 0 0 0 0 
mmul7.1.sm_80.ptx 116 : 65536 515584 0 0 0 0 0 0 0 
mmul7.1.sm_80.ptx 113 : 524288 4127328 0 0 0 0 0 0 0 
mmul7.1.sm_80.ptx 112 : 524288 4731840 0 0 0 0 0 0 0 
mmul7.1.sm_80.ptx 111 : 524288 6304224 0 0 0 0 0 0 0 
mmul7.1.sm_80.ptx 110 : 524288 6360480 0 0 0 0 0 0 0 
mmul7.1.sm_80.ptx 109 : 524288 6361408 0 0 0 0 0 0 0 
mmul7.1.sm_80.ptx 108 : 524288 6335904 0 0 0 0 0 0 0 
mmul7.1.sm_80.ptx 107 : 524288 19437056 0 16384 16384 0 0 0 0 
mmul7.1.sm_80.ptx 106 : 524288 19081472 0 16384 16384 0 0 0 0 
mmul7.1.sm_80.ptx 105 : 524288 6578752 0 0 0 0 0 0 0 
mmul7.1.sm_80.ptx 104 : 524288 6488160 0 0 0 0 0 0 0 
mmul7.1.sm_80.ptx 103 : 524288 6677344 0 0 0 0 0 0 0 
mmul7.1.sm_80.ptx 102 : 524288 20286496 0 16384 16384 0 0 0 0 
mmul7.1.sm_80.ptx 101 : 524288 20117344 0 16384 16384 0 0 0 0 
mmul7.1.sm_80.ptx 100 : 524288 6584352 0 0 0 0 0 0 0 
mmul7.1.sm_80.ptx 99 : 524288 6912448 0 0 0 0 0 0 0 
mmul7.1.sm_80.ptx 98 : 524288 20371232 0 16384 16384 0 0 0 0 
mmul7.1.sm_80.ptx 97 : 524288 20215328 0 16384 16384 0 0 0 0 
mmul7.1.sm_80.ptx 96 : 524288 6337632 0 0 0 0 0 0 0 
mmul7.1.sm_80.ptx 59 : 16384 116736 0 0 0 0 0 0 0 
mmul7.1.sm_80.ptx 58 : 16384 176128 0 0 0 0 0 0 0 
mmul7.1.sm_80.ptx 57 : 16384 116736 0 0 0 0 0 0 0 
mmul7.1.sm_80.ptx 56 : 16384 176128 0 0 0 0 0 0 0 
mmul7.1.sm_80.ptx 55 : 16384 124928 0 0 0 0 0 0 0 
mmul7.1.sm_80.ptx 54 : 16384 178688 0 0 0 0 0 0 0 
mmul7.1.sm_80.ptx 53 : 16384 183296 0 0 0 0 0 0 0 
mmul7.1.sm_80.ptx 52 : 16384 116736 0 0 0 0 0 0 0 
mmul7.1.sm_80.ptx 51 : 16384 170496 0 0 0 0 0 0 0 
mmul7.1.sm_80.ptx 50 : 16384 115200 0 0 0 0 0 0 0 
mmul7.1.sm_80.ptx 49 : 16384 115200 0 0 0 0 0 0 0 
mmul7.1.sm_80.ptx 48 : 16384 182784 0 0 0 0 0 0 0 
mmul7.1.sm_80.ptx 47 : 16384 186368 0 0 0 0 0 0 0 
mmul7.1.sm_80.ptx 46 : 16384 183296 0 0 0 0 0 0 0 
mmul7.1.sm_80.ptx 45 : 16384 116736 0 0 0 0 0 0 0 
mmul7.1.sm_80.ptx 44 : 16384 172544 0 0 0 0 0 0 0 
mmul7.1.sm_80.ptx 31 : 16384 331264 0 0 0 0 0 0 0 
mmul7.1.sm_80.ptx 90 : 65536 393216 0 0 0 0 0 0 0 
mmul7.1.sm_80.ptx 32 : 16384 212992 0 0 0 0 0 0 0 
mmul7.1.sm_80.ptx 33 : 16384 216064 0 0 0 0 0 0 0 
mmul7.1.sm_80.ptx 34 : 16384 169472 0 0 0 0 0 0 0 
mmul7.1.sm_80.ptx 93 : 524288 19668800 0 16384 16384 0 0 0 0 
mmul7.1.sm_80.ptx 35 : 16384 110592 0 0 0 0 0 0 0 
mmul7.1.sm_80.ptx 94 : 524288 19802080 0 16384 16384 0 0 0 0 
mmul7.1.sm_80.ptx 36 : 16384 98304 0 0 0 0 0 0 0 
mmul7.1.sm_80.ptx 95 : 524288 6524608 0 0 0 0 0 0 0 
mmul7.1.sm_80.ptx 37 : 16384 98304 0 0 0 0 0 0 0 
mmul7.1.sm_80.ptx 38 : 16384 98304 0 0 0 0 0 0 0 
mmul7.1.sm_80.ptx 39 : 16384 747520 0 0 0 0 0 0 0 
mmul7.1.sm_80.ptx 40 : 16384 176128 0 0 0 0 0 0 0 
mmul7.1.sm_80.ptx 41 : 16384 117760 0 0 0 0 0 0 0 
mmul7.1.sm_80.ptx 42 : 16384 107008 0 0 0 0 0 0 0 
mmul7.1.sm_80.ptx 43 : 16384 108544 0 0 0 0 0 0 0 
mmul7.1.sm_80.ptx 60 : 16384 183296 0 0 0 0 0 0 0 
mmul7.1.sm_80.ptx 61 : 16384 176640 0 0 0 0 0 0 0 
mmul7.1.sm_80.ptx 62 : 16384 117248 0 0 0 0 0 0 0 
mmul7.1.sm_80.ptx 63 : 16384 108032 0 0 0 0 0 0 0 
mmul7.1.sm_80.ptx 64 : 16384 110592 0 0 0 0 0 0 0 
mmul7.1.sm_80.ptx 67 : 65536 921280 0 0 0 0 0 0 0 
mmul7.1.sm_80.ptx 68 : 65536 751040 0 0 0 0 0 0 0 
mmul7.1.sm_80.ptx 69 : 65536 724928 0 0 0 0 0 0 0 
mmul7.1.sm_80.ptx 70 : 65536 22504224 0 0 0 8192 2048 0 0 
mmul7.1.sm_80.ptx 71 : 65536 276992 0 2048 2048 0 0 0 0 
mmul7.1.sm_80.ptx 72 : 65536 657856 0 0 0 0 0 0 0 
mmul7.1.sm_80.ptx 73 : 65536 497280 0 0 0 0 0 0 0 
mmul7.1.sm_80.ptx 74 : 65536 712000 0 0 0 0 0 0 0 
mmul7.1.sm_80.ptx 75 : 65536 696832 0 0 0 0 0 0 0 
mmul7.1.sm_80.ptx 76 : 65536 678304 0 0 0 0 0 0 0 
mmul7.1.sm_80.ptx 77 : 65536 19883648 0 0 0 8192 2048 0 0 
mmul7.1.sm_80.ptx 78 : 65536 265408 0 2048 2048 0 0 0 0 
mmul7.1.sm_80.ptx 79 : 65536 327680 0 0 0 0 0 0 0 
mmul7.1.sm_80.ptx 80 : 65536 393216 0 0 0 0 0 0 0 
mmul7.1.sm_80.ptx 81 : 65536 0 0 0 0 0 0 0 0 
mmul7.1.sm_80.ptx 83 : 65536 393216 0 0 0 0 0 0 0 
mmul7.1.sm_80.ptx 84 : 65536 393216 0 0 0 0 0 0 0 
mmul7.1.sm_80.ptx 85 : 65536 0 0 0 0 0 0 0 0 
mmul7.1.sm_80.ptx 87 : 65536 393216 0 0 0 0 0 0 0 
mmul7.1.sm_80.ptx 88 : 65536 393216 0 0 0 0 0 0 0 
mmul7.1.sm_80.ptx 89 : 65536 393216 0 0 0 0 0 0 0 
